EMpyt 1
EMpyt 2
EMpyt 3
EMpyt 4
﻿"Time" t / s	"Current" I_A1 / A	"Voltage" U_B1 / V
0	-0.0022	-0.0018
0.09	-0.0022	0.00015
0.2	-0.00225	-0.00255
0.29	-0.0022	-0.0012
0.4	-0.0022	-0.00255
0.5	-0.00225	-0.0006
0.59	-0.0022	0.00015
0.7	-0.00225	-0.0024
0.79	-0.00225	0.0003
0.9	-0.0022	-0.0015
1	-0.00225	-0.0015
1.09	-0.0022	0.0003
1.2	-0.00225	-0.00105
1.29	-0.00225	0.0021
1.4	-0.0022	-0.00075
1.5	-0.00225	-0.0003
1.61	-0.0023	0.0015
1.7	-0.00245	-0.00195
1.79	-0.00305	0.0009
1.9	-0.00365	-0.0012
2	-0.004	0.0003
2.11	-0.0045	0.00015
2.19	-0.00485	-0.0006
2.31	-0.0052	-0.00135
2.41	-0.0057	-0.00015
2.5	-0.0059	-0.0018
2.59	-0.00605	-0.00075
2.7	-0.00625	-0.00195
2.8	-0.0065	0.0006
2.9	-0.0068	0.0009
3	-0.00695	-0.00255
3.09	-0.007	0.00165
3.2	-0.00715	-0.00195
3.3	-0.00705	-0.0009
3.4	-0.0072	-0.0006
3.5	-0.0073	-0.0033
3.59	-0.00735	-0.00015
3.7	-0.00745	0.0003
3.8	-0.0076	0.00015
3.9	-0.00765	0.00105
4	-0.0077	-0.00375
4.09	-0.00775	0.00045
4.2	-0.0078	-0.00135
4.3	-0.0079	0.00105
4.4	-0.008	0.0009
4.5	-0.00805	-0.0003
4.6	-0.0081	-0.00105
4.7	-0.00815	0.0006
4.81	-0.0082	-0.0006
4.9	-0.00825	-0.00195
4.99	-0.0083	0.0012
5.1	-0.0085	-0.00015
5.2	-0.0085	-0.00195
5.29	-0.00855	0.00135
5.4	-0.00865	-0.00345
5.49	-0.0087	-0.0015
5.6	-0.0088	-0.0009
5.7	-0.00885	-0.0006
5.79	-0.009	-0.0012
5.9	-0.0091	-0.0018
5.99	-0.0092	-0.0021
6.1	-0.0091	-0.00165
6.2	-0.0093	-0.0018
6.29	-0.00935	0.00045
6.4	-0.00935	-0.00195
6.49	-0.00945	-0.0015
6.59	-0.0094	0.00105
6.7	-0.0095	-0.0024
6.81	-0.0096	0.00195
6.9	-0.00955	-0.00135
6.99	-0.0097	-0.0012
7.1	-0.00965	-0.00105
7.21	-0.00975	-0.00255
7.29	-0.00975	-0.00075
7.4	-0.00985	-0.0009
7.5	-0.00985	-0.0012
7.6	-0.01	-0.0006
7.7	-0.01005	-0.0018
7.79	-0.01015	-0.0003
7.9	-0.0102	-0.0012
8	-0.0103	-0.00255
8.1	-0.0104	-0.00135
8.2	-0.0105	-0.00135
8.3	-0.0105	-0.00045
8.4	-0.0106	-0.00225
8.51	-0.0106	0.0012
8.6	-0.0107	-0.0009
8.69	-0.01075	-0.0006
8.8	-0.01075	0.00135
8.9	-0.0108	-0.00195
9.01	-0.01085	0.00045
9.11	-0.0109	-0.0006
9.2	-0.0109	-0.0012
9.3	-0.01085	-0.00105
9.41	-0.01095	0
9.5	-0.01115	-0.00135
9.59	-0.01125	-0.00255
9.7	-0.0113	0
9.8	-0.01125	-0.0021
9.91	-0.01125	0.0015
10	-0.01125	-0.0015
10.09	-0.01125	0.0003
10.2	-0.0113	0.00045
10.3	-0.0113	-0.0021
10.41	-0.01135	-0.0003
10.5	-0.01125	-0.00105
10.59	-0.01125	-0.00105
10.7	-0.0113	-0.00105
10.8	-0.0113	-0.00435
10.91	-0.01125	0.0021
11	-0.0113	-0.0015
11.09	-0.01135	-0.00045
11.2	-0.01135	0.0027
11.29	-0.01135	-0.00015
11.4	-0.0113	-0.00015
11.49	-0.01135	-0.0018
11.6	-0.01135	0.0006
11.7	-0.0113	-0.00075
11.79	-0.01135	-0.0012
11.9	-0.0113	0.0009
11.99	-0.0113	-0.00105
12.1	-0.01135	0.00135
12.2	-0.01135	-0.00195
12.29	-0.01135	-0.00045
12.41	-0.0113	-0.00105
12.5	-0.0113	0
12.6	-0.01135	-0.00225
12.69	-0.01135	0
12.8	-0.01135	-0.00105
12.89	-0.0114	-0.0015
13	-0.0114	0.00015
13.1	-0.01135	-0.0021
13.2	-0.01135	-0.0003
13.3	-0.01145	-0.00045
13.39	-0.0114	-0.00015
13.5	-0.0114	0.00075
13.6	-0.0114	-0.0018
13.7	-0.01135	0.00105
13.8	-0.0114	-0.0006
13.89	-0.0114	-0.00165
14	-0.01135	0.0009
14.1	-0.01145	-0.00435
14.2	-0.01145	-0.0006
14.3	-0.0114	-0.0018
14.39	-0.01145	-0.00135
14.5	-0.0114	0.00075
14.6	-0.01145	-0.0009
14.7	-0.0114	0.00165
14.79	-0.0115	-0.00165
14.9	-0.01145	0.00045
15.01	-0.0114	-0.00135
15.1	-0.0115	0.00135
15.19	-0.0114	-0.00165
15.3	-0.0115	0.00075
15.41	-0.01145	-0.00225
15.5	-0.0115	0.0018
15.59	-0.0114	-0.0021
15.7	-0.0114	-0.0003
15.8	-0.0114	-0.0015
15.89	-0.01145	-0.00165
16	-0.0114	0.00195
16.1	-0.0115	-0.0015
16.2	-0.0115	0.00045
16.29	-0.0115	-0.00015
16.4	-0.01145	0.0024
16.49	-0.01145	-0.00135
16.6	-0.01145	-0.0006
16.7	-0.0114	-0.0009
16.79	-0.0115	-0.0036
16.9	-0.01155	0.00105
16.99	-0.0115	-0.0021
17.1	-0.0115	-0.0024
17.2	-0.0115	-0.00075
17.29	-0.0115	0
17.39	-0.0115	-0.00285
17.5	-0.0115	-0.00105
17.6	-0.0115	-0.0003
17.69	-0.01145	-0.00075
17.8	-0.0115	0.0012
17.89	-0.01155	-0.0009
18	-0.01155	-0.0003
18.1	-0.0115	0.00045
18.21	-0.0115	-0.00045
18.3	-0.0115	0.0012
18.39	-0.0115	-0.0015
18.5	-0.01155	-0.0009
18.6	-0.01145	0.00075
18.71	-0.01155	-0.0042
18.8	-0.01145	-0.0009
18.9	-0.0115	-0.00015
19	-0.0115	-0.0006
19.09	-0.01155	-0.00285
19.2	-0.01155	0.00075
19.3	-0.01155	-0.00135
19.4	-0.01155	-0.00195
19.5	-0.0115	0.00015
19.59	-0.01155	-0.00105
19.7	-0.0115	-0.00015
19.8	-0.0116	-0.0006
19.9	-0.01155	-0.00135
20	-0.0116	0.00075
20.11	-0.01155	-0.00045
20.2	-0.01155	0.0021
20.3	-0.0116	0.00045
20.4	-0.0116	-0.00165
20.5	-0.0116	0.00015
20.59	-0.0116	-0.0009
20.7	-0.01155	0.00075
20.8	-0.01155	-0.0009
20.9	-0.0116	0.00045
20.99	-0.0116	-0.00135
21.1	-0.0116	-0.00135
21.2	-0.0115	-0.00015
21.29	-0.01165	-0.0018
21.4	-0.0116	-0.00015
21.49	-0.01155	-0.00105
21.6	-0.0116	-0.0003
21.7	-0.0116	-0.003
21.8	-0.0116	-0.00075
21.89	-0.0116	-0.00195
22	-0.0116	0.0015
22.09	-0.01155	-0.00195
22.2	-0.0116	-0.0012
22.3	-0.0116	0.00105
22.39	-0.0116	-0.00195
22.5	-0.01165	-0.0012
22.59	-0.0116	-0.00135
22.7	-0.0116	-0.0009
22.8	-0.0116	0.0018
22.89	-0.0116	-0.0018
23	-0.0116	0.00225
23.09	-0.0116	-0.0021
23.2	-0.01165	-0.00015
23.3	-0.0116	-0.00075
23.39	-0.01155	-0.00225
23.5	-0.0116	0.0015
23.59	-0.01165	-0.0009
23.7	-0.01165	-0.0006
23.8	-0.01165	-0.00075
23.9	-0.01165	-0.0015
24	-0.0116	0.0006
24.09	-0.0117	-0.00285
24.2	-0.0117	-0.00045
24.29	-0.01165	-0.00255
24.4	-0.0116	0.0006
24.5	-0.0117	0
24.6	-0.0117	0.00015
24.69	-0.01165	-0.0021
24.8	-0.01165	0
24.89	-0.01165	-0.00195
25	-0.0117	-0.0015
25.1	-0.0116	0.00105
25.21	-0.01175	-0.0018
25.3	-0.01165	-0.00015
25.39	-0.01165	-0.00135
25.5	-0.0117	-0.00285
25.6	-0.01165	0.0012
25.71	-0.01165	-0.00255
25.8	-0.0117	0.00135
25.89	-0.01165	-0.0003
26	-0.01165	-0.0018
26.1	-0.01165	-0.00015
26.19	-0.01165	-0.00075
26.3	-0.0117	0.00105
26.39	-0.01165	-0.0006
26.5	-0.01165	-0.0024
26.6	-0.01175	0.0006
26.7	-0.01165	-0.00015
26.8	-0.01165	-0.00225
26.9	-0.01165	0.00045
26.99	-0.0117	-0.0012
27.1	-0.01175	0.00015
27.19	-0.0117	-0.0009
27.3	-0.01175	-0.0015
27.4	-0.0117	0.0006
27.51	-0.01175	-0.003
27.6	-0.0117	-0.00105
27.69	-0.01165	-0.00075
27.8	-0.01175	-0.00195
27.9	-0.0117	0.00135
27.99	-0.0117	-0.0003
28.1	-0.0117	0.00105
28.19	-0.01175	-0.0009
28.3	-0.01175	-0.0024
28.4	-0.0117	-0.00195
28.51	-0.0117	-0.0009
28.6	-0.0117	0.0006
28.69	-0.0117	-0.0006
28.8	-0.01175	-0.0003
28.89	-0.01175	-0.00255
29	-0.0118	0.00105
29.09	-0.01175	-0.0006
29.2	-0.0117	-0.0027
29.3	-0.0117	0.00045
29.39	-0.01175	-0.00135
29.5	-0.0117	-0.0021
29.59	-0.0117	0.00135
29.7	-0.01175	-0.00015
29.8	-0.0118	0.00075
29.91	-0.01175	-0.00315
30	-0.0117	-0.00135
30.09	-0.0117	0.0012
30.2	-0.01175	-0.00045
30.3	-0.0118	0.00105
30.39	-0.01175	0
30.5	-0.01175	-0.00195
30.59	-0.01175	0.00255
30.7	-0.01175	-0.003
30.8	-0.01175	0
30.91	-0.01175	-0.0006
31	-0.0118	-0.0006
31.1	-0.01175	-0.00345
31.2	-0.01175	-0.00075
31.29	-0.01175	-0.00165
31.4	-0.0118	-0.00105
31.5	-0.01175	0.0006
31.6	-0.01175	-0.00075
31.7	-0.0118	0.00105
31.8	-0.01175	-0.00195
31.89	-0.01175	-0.0003
32	-0.01175	-0.0009
32.1	-0.0118	0.00105
32.19	-0.0118	0.0009
32.3	-0.0118	0.00015
32.39	-0.01185	0.00015
32.5	-0.01175	-0.00375
32.6	-0.01175	0.00045
32.69	-0.0118	-0.00135
32.8	-0.0118	-0.00075
32.89	-0.01185	0.0012
33	-0.0118	-0.0003
33.1	-0.0118	-0.00045
33.19	-0.0118	-0.0012
33.3	-0.01175	-0.00375
33.39	-0.0118	0.0012
33.5	-0.0118	-0.0012
33.6	-0.0118	-0.0015
33.69	-0.0118	-0.00165
33.8	-0.01185	0.00045
33.9	-0.0118	-0.00225
34	-0.01185	-0.00225
34.09	-0.01185	0.0003
34.2	-0.0118	-0.0012
34.3	-0.01185	0.00015
34.4	-0.0118	-0.0024
34.5	-0.01185	0
34.59	-0.0118	-0.00075
34.7	-0.0118	-0.0015
34.8	-0.01185	0.00195
34.9	-0.0119	-0.0015
35	-0.01185	0.00045
35.09	-0.0118	0.00045
35.2	-0.0118	-0.0006
35.29	-0.0118	0.0036
35.4	-0.01185	-0.00165
35.5	-0.01185	-0.00075
35.61	-0.01185	-0.0003
35.7	-0.01185	-0.00165
35.79	-0.0119	0.00105
35.9	-0.01175	-0.0018
35.99	-0.01185	0.00045
36.1	-0.0119	-0.00315
36.19	-0.01185	0.00075
36.3	-0.01185	-0.0012
36.4	-0.01185	-0.0018
36.49	-0.0118	-0.00255
36.6	-0.01185	-0.0015
36.69	-0.0119	0.00135
36.81	-0.01185	-0.00045
36.9	-0.01185	-0.00165
37	-0.01185	-0.00165
37.09	-0.01185	-0.0009
37.2	-0.01185	-0.0018
37.3	-0.01185	-0.00015
37.4	-0.0119	0.0006
37.5	-0.0119	-0.00255
37.59	-0.01185	0.0012
37.7	-0.0119	0.0003
37.8	-0.0119	0.0009
37.9	-0.01185	0.00105
38	-0.01185	-0.00285
38.09	-0.01185	0.00255
38.2	-0.0119	-0.00165
38.3	-0.01185	-0.0006
38.4	-0.01195	-0.00135
38.5	-0.01185	-0.00225
38.59	-0.01195	-0.0003
38.7	-0.0119	-0.0015
38.79	-0.01185	-0.00135
38.9	-0.01185	-0.00105
38.99	-0.01195	0.0012
39.1	-0.0119	-0.00165
39.2	-0.0119	0.0003
39.29	-0.01185	0.00075
39.4	-0.01195	-0.0018
39.49	-0.01195	0.00075
39.6	-0.01185	-0.0018
39.7	-0.0119	0.00015
39.79	-0.0119	-0.00015
39.9	-0.0119	-0.00105
39.99	-0.01195	-0.0009
40.1	-0.0119	-0.00225
40.2	-0.0119	-0.00105
40.3	-0.01195	-0.0003
40.4	-0.01195	-0.00375
40.49	-0.0119	0.00045
40.6	-0.0119	-0.00285
40.7	-0.01185	-0.0006
40.8	-0.0118	0.00015
40.89	-0.00895	-0.00015
41	-0.00225	-0.00045
41.1	-0.0022	-0.00045
41.19	-0.00225	0.0012
41.3	-0.0023	-0.0015
41.39	-0.0022	0.0012
41.5	-0.0023	-0.0012
41.6	-0.00225	-0.00225
41.69	-0.00225	0.0012
41.8	-0.00225	-0.00195
41.9	-0.0023	-0.00195
42	-0.00225	0.0003
42.1	-0.00225	-0.0003
42.2	-0.00225	-0.00075
42.29	-0.00225	0.0027
42.4	-0.00225	-0.0036
42.5	-0.00225	0
42.6	-0.00225	-0.00075
42.7	-0.00225	-0.0021
42.79	-0.0022	0.00045
42.9	-0.0023	-0.00135
43	-0.00215	0.0009
43.1	-0.00225	-0.0012
43.2	-0.00225	-0.0012
43.29	-0.00225	-0.0009
43.4	-0.00225	-0.00315
43.5	-0.0023	-0.00285
43.6	-0.00225	0.00075
43.7	-0.00225	-0.0021
