MIN=0	-0.3	-0.1
MAX=20	0.3	0.1
SCALE=10	0.1	0.05
DEC=1	4	4
DEF="Time" t / s	"Voltage" U_B1 / V	"Current" I_A1 / A
0	-0.00285	-0.00225
0.09	-0.00285	-0.00225
0.2	-0.00285	-0.00225
0.3	-0.003	-0.0023
0.4	-0.003	-0.0023
0.49	-0.00345	-0.0023
0.6	-0.00315	-0.00225
0.69	-0.00315	-0.0023
0.8	-0.0033	-0.00225
0.9	-0.00315	-0.00225
0.99	-0.0033	-0.00225
1.1	-0.0033	-0.0023
1.19	-0.00315	-0.0023
1.3	-0.00285	-0.0022
1.39	-0.00285	-0.00225
1.5	-0.003	-0.0023
1.59	-0.00285	-0.0023
1.7	-0.003	-0.0023
1.8	-0.003	-0.0023
1.89	-0.00345	-0.0023
2	-0.00345	-0.0023
2.09	-0.0033	-0.0023
2.2	-0.0033	-0.00235
2.3	-0.0036	-0.00225
2.39	-0.003	-0.0023
2.5	-0.003	-0.00225
2.59	-0.00285	-0.00225
2.7	-0.003	-0.0023
2.79	-0.003	-0.00225
2.9	-0.00285	-0.0023
3	-0.00315	-0.0023
3.1	-0.00315	-0.00225
3.2	-0.00315	-0.0023
3.29	-0.0036	-0.00235
3.4	-0.0033	-0.0024
3.5	-0.0036	-0.0025
3.6	-0.0039	-0.0029
3.7	-0.0045	-0.0036
3.79	-0.00495	-0.00385
3.9	-0.0051	-0.0039
4	-0.0051	-0.004
4.2	-0.00525	-0.00405
4.29	-0.0054	-0.0043
4.4	-0.00555	-0.0043
4.49	-0.0057	-0.00445
4.6	-0.00585	-0.00465
4.7	-0.006	-0.00485
4.79	-0.00615	-0.0048
4.91	-0.0063	-0.00495
4.99	-0.00615	-0.0051
5.1	-0.00615	-0.0052
5.19	-0.0066	-0.00535
5.3	-0.00705	-0.00535
5.4	-0.00705	-0.00545
5.49	-0.0072	-0.00555
5.6	-0.0078	-0.00585
5.69	-0.0072	-0.00585
5.8	-0.00765	-0.00625
5.9	-0.00765	-0.0063
5.99	-0.0081	-0.0063
6.1	-0.00825	-0.00645
6.19	-0.00855	-0.00665
6.3	-0.00885	-0.00675
6.4	-0.00855	-0.0069
6.49	-0.0087	-0.0072
6.6	-0.0087	-0.0074
6.69	-0.0093	-0.0077
6.8	-0.00915	-0.0076
6.9	-0.0096	-0.0077
6.99	-0.01005	-0.00795
7.1	-0.0105	-0.0081
7.19	-0.01005	-0.0081
7.3	-0.01035	-0.0084
7.4	-0.01005	-0.0084
7.49	-0.01035	-0.0085
7.6	-0.01035	-0.00855
7.69	-0.0108	-0.00875
7.8	-0.0117	-0.00935
7.9	-0.0117	-0.0095
7.99	-0.0117	-0.00955
8.1	-0.01185	-0.00955
8.19	-0.012	-0.00985
8.3	-0.01215	-0.00995
8.4	-0.01245	-0.01015
8.49	-0.0126	-0.01015
8.6	-0.01275	-0.0104
8.69	-0.01305	-0.01055
8.8	-0.01335	-0.01065
8.9	-0.0129	-0.0107
8.99	-0.01335	-0.011
9.1	-0.0135	-0.011
9.19	-0.0135	-0.01125
9.3	-0.0141	-0.01145
9.4	-0.0144	-0.01175
9.49	-0.01455	-0.01185
9.6	-0.015	-0.012
9.69	-0.0147	-0.01245
9.8	-0.0153	-0.0125
9.9	-0.0156	-0.01275
9.99	-0.01605	-0.013
10.1	-0.01605	-0.01315
10.19	-0.01665	-0.01355
10.3	-0.01695	-0.0137
10.39	-0.0171	-0.01395
10.49	-0.01725	-0.01435
10.6	-0.0174	-0.01445
10.69	-0.01785	-0.01455
10.8	-0.0183	-0.0151
10.89	-0.0189	-0.01535
10.99	-0.0189	-0.01545
11.1	-0.0195	-0.01595
11.19	-0.0198	-0.01615
11.3	-0.01995	-0.0163
11.39	-0.0201	-0.0166
11.5	-0.02025	-0.01695
11.6	-0.02085	-0.0172
11.69	-0.02145	-0.01755
11.8	-0.02175	-0.01775
11.89	-0.02205	-0.01785
11.99	-0.0222	-0.01815
12.1	-0.0225	-0.0183
12.19	-0.02235	-0.0188
12.3	-0.0231	-0.01895
12.39	-0.02325	-0.01925
12.49	-0.024	-0.0195
12.6	-0.02415	-0.01985
12.69	-0.0249	-0.0204
12.8	-0.0252	-0.02085
12.89	-0.02535	-0.0212
13	-0.02595	-0.02165
13.1	-0.02625	-0.02185
13.19	-0.0267	-0.02215
13.3	-0.027	-0.0223
13.39	-0.02745	-0.0225
13.49	-0.02805	-0.0234
13.6	-0.02895	-0.0238
13.69	-0.02895	-0.0243
13.8	-0.02955	-0.0245
13.89	-0.0297	-0.02475
13.99	-0.03045	-0.02505
14.1	-0.0306	-0.02525
14.19	-0.03075	-0.0254
14.3	-0.0315	-0.02575
14.39	-0.0318	-0.02605
14.49	-0.03195	-0.0264
14.6	-0.0324	-0.02675
14.69	-0.033	-0.0275
14.8	-0.03315	-0.02765
14.89	-0.03405	-0.0281
15	-0.03465	-0.02885
15.1	-0.03585	-0.02945
15.19	-0.036	-0.03
15.3	-0.0366	-0.03025
15.39	-0.03705	-0.0308
15.49	-0.03735	-0.03115
15.6	-0.0384	-0.0318
15.69	-0.0396	-0.0328
15.8	-0.03945	-0.03285
15.89	-0.0393	-0.0329
16	-0.0396	-0.03295
16.1	-0.03945	-0.0329
16.19	-0.03975	-0.0329
16.3	-0.0399	-0.0329
16.39	-0.03975	-0.03295
16.49	-0.0393	-0.0329
16.6	-0.0396	-0.03295
16.69	-0.03945	-0.0329
16.8	-0.0393	-0.03295
16.89	-0.03975	-0.0329
17	-0.0399	-0.0329
17.1	-0.0396	-0.03295
17.19	-0.0393	-0.03285
17.3	-0.0396	-0.03285
17.39	-0.03945	-0.03295
17.5	-0.0393	-0.03295
17.6	-0.0399	-0.03285
17.69	-0.0396	-0.0329
17.8	-0.03975	-0.0329
17.89	-0.0393	-0.03295
18	-0.0396	-0.0329
18.1	-0.03945	-0.03285
18.19	-0.03975	-0.0329
18.3	-0.03975	-0.03295
18.39	-0.0399	-0.0329
18.49	-0.03945	-0.0329
18.6	-0.03945	-0.03285
18.69	-0.03945	-0.0329
18.8	-0.03945	-0.03295
18.89	-0.0399	-0.0329
19	-0.0399	-0.03285
19.1	-0.0399	-0.03295
19.19	-0.03945	-0.0329
19.3	-0.0396	-0.0329
