MIN=0	-3	-1000
MAX=28.2842712474619	3	1000
SCALE=10	1	500
DEC=1	3	0
DEF="Time" t / s	"Current" I_A1 / A	"Magn. flux density" B_B1 / mT
0		-6.5
0.09		-6.5
0.2		-6.5
0.29	5E-05	-6.5
0.39	0	-6.5
0.5	5E-05	-6
0.61	-5E-05	-6.5
0.7	0.0001	-6
0.8	-5E-05	-6.5
0.9	5E-05	-6.5
0.99	-0.00015	-6.5
1.1	0.0001	-6.5
1.2	0.0002	-6.5
1.3	-5E-05	-6
1.39	-5E-05	-6
1.5	0.0001	-6.5
1.59	-0.0001	-6.5
1.7	0.0002	-6.5
1.8	0	-6
1.89	-0.0001	-6
2	5E-05	-6.5
2.09	-0.00015	-6.5
2.2	0.0001	-6
2.3	-0.00015	-6
2.41	0	-6.5
2.5	0.0082	-6
2.59		-3
2.7	0.19605	-0.5
2.8		4
2.91	0.4135	6.5
3	0.438	7.5
3.09	0.449	7.5
3.2	0.4545	8
3.3	0.456	8
3.41	0.4975	9.5
3.51	0.6885	16
3.6	0.7625	18.5
3.7	0.795	19.5
3.79	0.88	22.5
3.9		30.5
4	1.1865	33.5
4.09	1.2195	34.5
4.2	1.236	35.5
4.31	1.245	35.5
4.4	1.248	35.5
4.5	1.257	36
4.6	1.4565	43
4.7	1.539	46
4.81	1.662	50.5
4.9	1.7235	52.5
5	1.7505	53.5
5.1	1.764	54.5
5.2	1.788	55
5.31	1.902	59
5.4	1.947	60.5
5.5	1.9995	62.5
5.6	2.055	64.5
5.7	2.109	66.5
5.81	2.1795	69
5.9	2.2065	69.5
6	2.262	72
6.1	2.3055	73.5
6.2	2.3205	74
6.32	2.3265	74.5
6.39	2.3295	74.5
6.5	2.43	78
6.6	2.5035	80.5
6.7	2.5545	82.5
6.8	2.613	84.5
6.89	2.688	87
7	2.727	88.5
7.1	2.7405	89
7.2	2.745	89.5
7.3	2.748	89.5
7.41	2.751	89.5
7.5	2.868	94
7.6	2.955	96.5
7.7	2.997	98
7.8	3.078	101.5
7.89	3.078	105.5
8	3.078	109
8.1	3.0795	110.5
8.2	3.078	113.5
8.3	3.0795	113
8.4	3.078	113.5
8.51	3.078	113.5
8.6	3.0795	113.5
8.7	3.0795	113.5
8.8	3.078	113.5
8.9	3.078	113.5
8.99	3.078	113.5
9.1	3.0795	113.5
9.2	3.0795	113.5
9.3	3.078	113.5
9.4	3.078	116.5
9.51	3.0795	119
9.6	3.0795	119.5
9.7	3.078	120.5
9.8	3.0795	121
9.89	3.0795	121
10	3.078	121
10.1	3.0795	120.5
10.2	3.0795	121.5
10.3	3.0795	121
10.41	3.0795	121
10.5	3.0795	121
10.6	3.0795	121
10.7	3.0795	121
10.8	3.0795	121
10.89	3.0795	122.5
11	3.0795	122
11.1	3.0795	122.5
11.2	3.0795	122.5
11.3	3.0795	122
11.39	3.078	122.5
11.5	3.0795	122.5
11.6	3.078	122
11.7	3.0795	122.5
11.8	3.0795	122.5
11.89	3.0795	122
12	3.0795	122.5
12.1	3.0795	122.5
12.2	3.081	122
12.29	3.0795	122
12.4	3.0795	122.5
12.5	3.0795	122
12.61	3.078	122.5
12.7	3.078	122
12.79	3.0795	122.5
12.9	3.0795	122.5
13	3.0795	122
13.11	3.0795	122.5
13.2	3.0795	122.5
13.29	3.0795	122.5
13.4	3.0795	122.5
13.5	3.0795	122.5
13.61	3.0795	122.5
13.7	3.0795	122
13.79	3.0795	122
13.9	3.0795	122
14	3.081	122
14.11	3.0795	122.5
14.2	3.0795	122.5
14.29	3.0795	122.5
14.4	3.0795	122.5
14.5	3.0795	125
14.61	3.0795	127.5
14.7	3.0795	128
14.79	3.0795	129.5
14.9	3.0795	130.5
15	3.0795	133
15.09	3.0795	134
15.2	3.081	135.5
15.29	3.0795	137.5
15.4	3.081	139.5
15.5	3.081	142
15.61	3.0795	142.5
15.69	3.081	144
15.8	3.0795	145
15.89	3.081	144.5
16	3.081	147.5
16.1	3.081	147.5
16.19	3.081	148
16.3	3.081	149
16.39	3.081	150
16.5	3.0795	149.5
16.6	3.081	150
16.71	3.081	151
16.8	3.0795	151
16.89	3.0795	151.5
17	3.081	152.5
17.1	3.081	152.5
17.21	3.081	153
17.3	3.081	153.5
17.39	3.081	154
17.5	3.081	155
17.6	3.081	155
17.71	3.081	155.5
17.8	3.081	156.5
17.9	3.081	157
18	3.081	156.5
18.09	3.0825	157
18.2	3.081	157.5
18.3	3.081	157
18.4	3.0825	157
18.5	3.0825	157
18.59	3.081	157
18.7	3.081	157
18.8	3.081	157
18.9	3.081	157
19	3.081	157
19.09	3.081	157
19.2	3.081	157
19.3	3.081	157
19.4	3.081	157.5
19.5	3.081	157.5
19.61	3.081	157
19.7	3.081	157
19.8	3.081	157
19.9	3.081	157
20	3.081	157
20.09	3.0825	157.5
20.2	3.081	157
20.3	3.081	157
20.4	3.081	157
20.5	3.081	157
20.6	3.081	157
20.71	3.0795	157
20.8	3.081	157.5
20.89	3.081	157
21	3.0795	157
21.1	3.081	157
21.19	3.081	157
21.3	3.081	157
21.39	3.081	157
21.5	3.081	157
21.6	3.081	157
21.7	3.081	157
21.81	3.081	157
21.9	3.081	157
21.99	3.081	157
22.1	3.081	157
22.2	3.081	157
22.31	3.081	157
22.4	3.081	157
22.49	3.081	157
22.6	3.081	157
22.7	3.081	157
22.81	3.081	157
22.9	3.081	157
22.99	3.081	157
23.1	3.081	157.5
23.2	3.081	157
23.31	3.081	157
23.4	3.0825	157
23.49	3.081	157
23.6	3.081	157
23.7	3.081	157.5
23.81	3.0825	157
23.91	3.081	157
24	3.081	157
24.1	3.081	157.5
24.19	3.081	157
24.3	3.081	157
24.39	3.081	157
24.5	3.081	157
24.6	3.081	157
24.69	3.0825	157
24.8	3.081	157
24.89	3.081	157
25	3.081	157
25.1	3.081	157
25.19	3.081	157
25.3	3.0825	157
25.39	3.081	157
25.5	3.081	157
25.6	3.081	157
25.7	3.081	157
25.79	3.081	157
25.9	3.081	157
